
 53

(((Hypopterus_macropterus: 0.083879, Psammoperca_waigiensis: 0.038987): 0.047267, ((Lates_japonicus: 0.073735, Lates_calcarifer: 0.105043): 0.058442, (Lates_niloticus: 0.038549, (Lates_stappersii: 0.037630, (Lates_microlepis: 0.057876, Lates_angustifrons: 0.090875): 0.071863): 0.030419): 0.024036): 0.023656): 0.086700, ((Xiphias_gladius: 0.015608, (Makaira_nigricans: 0.000004, (Tetrapturus_audax: 0.092203, Istiophorus_platypterus: 0.004584): 0.000084): 0.054662): 0.003931, ((((Sphyraena_putnamae: 0.022917, ((Sphyraena_guachancho: 0.000004, Sphyraena_ensis: 0.002337): 0.007053, (Sphyraena_forsteri: 0.023567, (Sphyraena_qenie: 0.035625, (Sphyraena_jello: 0.034872, Sphyraena_barracuda: 0.000004): 0.000004): 0.000004): 0.000004): 0.000004): 0.015820, (((Sphyraena_flavicauda: 0.011079, Sphyraena_obtusata: 0.085103): 0.047360, (Sphyraena_pinguis: 0.047430, (Sphyraena_chrysotaenia: 0.026640, Sphyraena_iburiensis: 0.072688): 0.050347): 0.103041): 0.053222, (((Sphyraena_argentea: 0.011029, Sphyraena_viridensis: 0.093543): 0.002040, (Sphyraena_idiastes: 0.022361, (Sphyraena_sphyraena: 0.023026, Sphyraena_borealis: 0.022746): 0.035265): 0.069491): 0.011215, ((Sphyraena_novaehollandiae: 0.024445, Sphyraena_helleri: 0.094249): 0.087589, ((Sphyraena_acutipinnis: 0.019123, (Sphyraena_waitii: 0.048945, Sphyraena_japonica: 0.034856): 0.083475): 0.064901, Sphyraena_africana: 0.085364): 0.091168): 0.046428): 0.000004): 0.000004): 0.020251, ((((Centropomus_mexicanus: 0.037951, Centropomus_parallelus: 0.074741): 0.057868, ((Centropomus_viridis: 0.084404, (Centropomus_poeyi: 0.033031, (Centropomus_irae: 0.029276, Centropomus_undecimalis: 0.000013): 0.000208): 0.004476): 0.000635, Centropomus_nigrescens: 0.000004): 0.000462): 0.004718, (Centropomus_pectinatus: 0.002324, Centropomus_medius: 0.000004): 0.011547): 0.002065, ((Centropomus_unionensis: 0.002312, Centropomus_armatus: 0.007078): 0.002623, (Centropomus_robalito: 0.079626, Centropomus_ensiferus: 0.004359): 0.000136): 0.005058): 0.023306): 0.005266, ((Echeneis_naucrates: 0.052183, Coryphaena_equiselis: 0.070180): 0.105719, (Gnathanodon_speciosus: 0.091906, Caranx_caninus: 0.049849): 0.108430): 0.024723): 0.004536): 0.035153, Nematistius_pectoralis: 0.039445);

  0.086700  0.047267  0.083879  0.038987  0.023656  0.058442  0.073735  0.105043  0.024036  0.038549  0.030419  0.037630  0.071863  0.057876  0.090875  0.035153  0.003931  0.015608  0.054662  0.000004  0.000084  0.092203  0.004584  0.004536  0.005266  0.020251  0.015820  0.022917  0.000004  0.007053  0.000004  0.002337  0.000004  0.023567  0.000004  0.035625  0.000004  0.034872  0.000004  0.000004  0.053222  0.047360  0.011079  0.085103  0.103041  0.047430  0.050347  0.026640  0.072688  0.000004  0.011215  0.002040  0.011029  0.093543  0.069491  0.022361  0.035265  0.023026  0.022746  0.046428  0.087589  0.024445  0.094249  0.091168  0.064901  0.019123  0.083475  0.048945  0.034856  0.085364  0.023306  0.002065  0.004718  0.057868  0.037951  0.074741  0.000462  0.000635  0.084404  0.004476  0.033031  0.000208  0.029276  0.000013  0.000004  0.011547  0.002324  0.000004  0.005058  0.002623  0.002312  0.007078  0.000136  0.079626  0.004359  0.024723  0.105719  0.052183  0.070180  0.108430  0.091906  0.049849  0.039445

  0.000000  0.000000  0.000000  0.000000  0.000000  0.000000  0.000000  0.000000  0.000000  0.000000  0.000000  0.000000  0.000000  0.000000  0.000000  0.000000  0.000000  0.000000  0.000000 -379.724333 -0.000197  0.000000  0.000000  0.000000  0.000000  0.000000  0.000000  0.000000 -271.891470  0.000000 -419.491832 -0.007555 -428.364686  0.000000 -428.364686  0.000000 -428.364686  0.000000 -428.364686  0.000165  0.000000  0.000000  0.000000  0.000000  0.000000  0.000000  0.000000  0.000000  0.000000  0.000164  0.000000  0.000000  0.000000  0.000000  0.000000  0.000000  0.000000  0.000000  0.000000  0.000000  0.000000  0.000000  0.000000  0.000000  0.000000  0.000000  0.000000  0.000000  0.000000  0.000000  0.000000 -0.007192  0.000000  0.000000  0.000000  0.000000  0.000000  0.000000  0.000000  0.000000  0.000000 -0.001588  0.000000 -0.001589 -426.925906  0.000000 -0.005479 -430.141654  0.000000  0.000000 -0.008567  0.000000  0.001161  0.000000  0.000000  0.000000  0.000000  0.000000  0.000000  0.000000  0.000000  0.000000  0.000000


Hessian

 -4.306e-17          0   3.48e-17 -2.538e-17  4.127e-17  2.492e-17          0 -3.823e-17          0          0 -2.559e-17  4.372e-18  -2.46e-17          0  3.873e-17 -1.534e-17 -3.907e-08  6.644e-08 -4.501e-08 -5.363e-08 -5.331e-08          0 -5.331e-08 -3.907e-08 -3.907e-08  -5.08e-08 -5.206e-08  -5.16e-08 -5.363e-08 -5.308e-08 -5.374e-08 -5.353e-08 -5.374e-08  2.576e-17 -5.374e-08          0 -5.374e-08          0 -5.374e-08 -5.134e-08          0          0          0          0          0 -2.518e-17          0          0          0 -5.134e-08 -5.134e-08 -5.134e-08 -5.134e-08          0 -1.485e-17          0          0          0          0          0          0          0          0          0          0  2.588e-17          0          0          0   2.43e-17 -5.069e-08 -5.349e-08 -5.325e-08  2.493e-17          0          0 -5.325e-08 -5.325e-08          0 -5.325e-08          0 -5.325e-08 -4.105e-17 -5.325e-08 -5.374e-08 -5.266e-08 -5.353e-08 -5.374e-08 -5.325e-08 -5.349e-08 -5.352e-08 -5.308e-08 -5.332e-08          0 -5.332e-08  4.123e-17 -1.436e-17          0          0  1.433e-17  1.454e-17  4.024e-17  2.537e-17
          0 -1.405e-18          0 -1.416e-18          0          0          0          0          0          0          0          0          0  1.391e-18          0          0  1.666e-09  1.664e-09  1.587e-09  1.698e-09  1.689e-09          0  1.689e-09  1.666e-09  1.666e-09  1.655e-09  1.665e-09  1.653e-09  1.697e-09  1.685e-09  1.698e-09  1.694e-09  1.698e-09  1.437e-18  1.698e-09  1.421e-18  1.698e-09  1.422e-18  1.698e-09  1.649e-09          0  1.405e-18          0          0 -1.334e-18 -1.405e-18          0          0 -1.372e-18  1.649e-09  1.649e-09  1.649e-09  1.649e-09  1.345e-18          0          0 -1.421e-18          0          0          0          0          0  1.344e-18 -1.348e-18          0          0          0          0          0          0  1.651e-09  1.694e-09  1.688e-09          0          0 -1.369e-18  1.688e-09          0  1.357e-18          0  1.424e-18 -1.471e-18          0          0  1.688e-09  1.676e-09  1.694e-09  1.698e-09  1.688e-09  1.693e-09  1.694e-09  1.684e-09   1.69e-09          0   1.69e-09          0          0          0          0          0          0          0 -1.415e-18
   3.48e-17          0 -4.748e-17  2.545e-17 -4.583e-17 -2.928e-17          0  3.833e-17          0          0  2.566e-17  4.384e-18  2.467e-17    4.3e-18   -4.3e-17  1.099e-17  5.934e-08   1.65e-07  4.706e-08  4.756e-08  4.721e-08          0  4.721e-08  5.934e-08  5.934e-08  4.676e-08  4.635e-08  4.586e-08  4.748e-08  -2.44e-07  4.507e-08  4.625e-08  4.723e-08 -3.028e-17  4.723e-08          0  4.723e-08          0  4.723e-08  4.573e-08  4.319e-18  4.343e-18  4.499e-18 -4.192e-18          0   2.09e-17  4.331e-18          0  4.241e-18  4.573e-08  4.573e-08  4.573e-08  4.573e-08          0  1.914e-17          0          0          0          0          0          0          0          0 -4.169e-18  4.272e-18 -2.594e-17          0          0          0 -2.017e-17  4.654e-08  4.738e-08  4.717e-08 -2.499e-17          0 -4.232e-18  4.717e-08  4.716e-08          0  4.716e-08          0  4.716e-08  4.558e-17  4.716e-08  4.755e-08   4.67e-08  4.739e-08  4.755e-08  4.718e-08  4.736e-08  4.738e-08  4.703e-08  4.722e-08          0  4.722e-08 -4.578e-17   1.44e-17          0          0 -1.847e-17 -1.875e-17 -4.468e-17 -2.981e-17
 -2.538e-17 -1.416e-18  2.545e-17 -4.168e-17  4.085e-17  3.054e-17          0 -1.637e-17  9.268e-18          0 -2.677e-17          0 -2.573e-17 -3.084e-18  2.963e-17  9.168e-18 -3.803e-08   -4.3e-08 -4.024e-08  6.473e-09  4.125e-07          0  4.125e-07 -3.803e-08 -3.803e-08 -3.909e-08 -4.348e-08 -4.321e-08 -4.508e-08 -4.458e-08 -4.518e-08 -4.499e-08 -4.518e-08  3.767e-17 -4.518e-08  1.432e-18 -4.518e-08  1.433e-18 -4.518e-08 -4.287e-08  4.506e-18  1.416e-18          0 -4.373e-18  2.958e-18 -2.322e-17          0          0 -1.382e-18 -4.287e-08 -4.287e-08 -4.287e-08 -4.287e-08 -7.323e-18 -8.874e-18 -9.283e-18  -1.06e-17          0          0          0 -4.363e-18  4.632e-18  1.355e-18 -1.359e-18          0  2.706e-17 -1.314e-17          0  9.171e-18  2.541e-17  1.375e-07 -4.073e-08 -4.226e-08  2.607e-17          0  -1.38e-18 -4.226e-08 -4.401e-08 -7.385e-18 -4.401e-08  1.436e-18 -4.401e-08 -1.758e-17 -4.401e-08 -4.278e-08 -4.174e-08 -4.257e-08 -4.277e-08 -4.153e-08 -4.253e-08 -4.257e-08 -4.216e-08 -4.237e-08          0 -4.237e-08  3.618e-17 -4.292e-18          0          0  4.281e-18          0  2.627e-17  2.967e-17
  4.127e-17          0 -4.583e-17  4.085e-17 -8.146e-17 -3.555e-17 -1.794e-17  3.187e-17 -9.407e-18          0  2.717e-17          0  2.612e-17  9.106e-18 -4.995e-17  2.326e-18  7.551e-08  8.051e-08  7.572e-08  3.116e-08 -3.811e-07          0 -3.811e-07  7.551e-08  7.551e-08  7.631e-08  8.102e-08  8.043e-08  8.346e-08 -2.256e-07  8.099e-08  8.209e-08  8.327e-08 -4.147e-17  8.327e-08          0  8.327e-08          0  8.327e-08  7.998e-08          0  4.599e-18  4.764e-18          0 -4.367e-18  1.753e-17  4.586e-18          0   4.49e-18  7.998e-08  7.998e-08  7.998e-08  7.998e-08  8.809e-18  2.927e-17  9.422e-18  2.791e-17          0          0          0  4.429e-18 -4.702e-18          0 -4.414e-18  4.523e-18 -2.747e-17  1.334e-17          0 -9.308e-18 -2.136e-17 -1.031e-07  7.897e-08  8.038e-08 -2.646e-17          0 -4.481e-18  8.038e-08  8.043e-08  8.883e-18  8.043e-08          0  8.043e-08   3.89e-17  8.043e-08  8.116e-08  7.953e-08  8.085e-08  8.116e-08  7.947e-08  6.181e-08 -1.775e-06  7.302e-08  8.034e-08          0  8.034e-08 -7.667e-17   1.96e-17          0          0  -2.39e-17 -1.985e-17 -4.731e-17  -3.62e-17
  2.492e-17          0 -2.928e-17  3.054e-17 -3.555e-17 -4.648e-17          0   2.45e-17          0          0  2.967e-17          0  2.852e-17  1.321e-17 -3.336e-17          0  5.236e-08  5.251e-08  4.868e-08 -4.715e-08 -8.438e-07          0 -8.438e-07  5.236e-08  5.236e-08  4.749e-08 -7.456e-08  5.084e-08  4.736e-08 -2.456e-07  5.066e-08  5.148e-08  5.277e-08 -3.413e-17  5.277e-08          0  5.277e-08          0  5.277e-08  4.782e-08 -4.423e-18  4.448e-18  4.607e-18          0  -8.71e-18  2.001e-17  4.435e-18          0  4.342e-18  4.782e-08  4.782e-08  4.782e-08  4.782e-08          0  4.355e-18          0          0          0          0          0  4.283e-18 -4.547e-18          0 -4.269e-18  4.374e-18 -2.971e-17  4.299e-18          0          0 -2.065e-17  5.173e-08  5.414e-08  5.386e-08 -2.862e-17          0 -4.334e-18  5.386e-08   4.55e-08          0   4.55e-08          0   4.55e-08  3.394e-17   4.55e-08  5.431e-08   5.32e-08  5.417e-08   5.44e-08  5.386e-08  5.412e-08  5.416e-08  5.367e-08  5.394e-08          0  5.394e-08 -3.097e-17  4.213e-18          0          0          0 -4.266e-18 -3.328e-17 -4.397e-17
          0          0          0          0 -1.794e-17          0 -4.864e-17  8.311e-18          0          0 -2.395e-17          0          0          0          0  2.384e-17 -1.967e-08 -1.973e-08  5.281e-08 -2.451e-08 -2.488e-08          0 -2.488e-08 -1.967e-08 -1.967e-08 -2.164e-08 -2.198e-08 -2.177e-08 -2.262e-08 -2.239e-08 -2.267e-08 -2.258e-08 -2.267e-08          0 -2.267e-08          0 -2.267e-08 -3.272e-17 -2.267e-08 -2.167e-08          0          0          0          0   3.07e-17          0          0          0          0 -2.167e-08 -2.167e-08 -2.167e-08 -2.167e-08          0          0          0  5.045e-17          0          0  3.236e-17          0  3.306e-17          0          0          0          0 -8.476e-18 -3.228e-17  8.874e-18          0 -2.158e-08 -2.257e-08 -2.246e-08          0          0          0 -2.246e-08 -2.246e-08 -3.123e-17 -2.246e-08          0 -2.246e-08   3.29e-17 -2.246e-08 -2.267e-08 -2.221e-08 -2.258e-08 -2.267e-08 -2.262e-08 -4.065e-08 -1.792e-06 -2.922e-08 -2.268e-08          0 -2.268e-08 -1.792e-17          0          0  2.306e-17          0          0          0          0
 -3.823e-17          0  3.833e-17 -1.637e-17  3.187e-17   2.45e-17  8.311e-18 -5.375e-17 -8.714e-18          0 -2.517e-17          0 -2.419e-17          0  3.809e-17 -2.371e-17 -3.494e-08 -3.015e-08 -9.723e-08 -2.633e-08 -2.565e-08          0 -2.565e-08 -3.494e-08 -3.494e-08 -3.124e-08 -2.762e-08 -2.718e-08 -2.814e-08 -2.787e-08 -2.818e-08 -2.808e-08 -2.818e-08  1.662e-17 -2.818e-08          0 -2.818e-08  8.623e-18 -2.818e-08 -2.721e-08          0          0          0          0  -8.09e-18 -2.476e-17          0          0          0 -2.721e-08 -2.721e-08 -2.721e-08 -2.721e-08   8.16e-18 -6.258e-18  8.728e-18          0          0          0 -8.527e-18          0  -8.71e-18          0          0          0  2.545e-17  1.647e-17  8.507e-18 -1.725e-17  2.389e-17 -1.971e-07 -3.204e-08 -3.027e-08  2.452e-17          0          0 -3.027e-08 -3.022e-08  1.646e-17 -3.022e-08          0 -3.022e-08 -5.771e-17 -3.022e-08 -3.045e-08 -2.997e-08 -3.035e-08 -3.045e-08 -3.097e-08 -3.034e-08 -3.035e-08 -3.014e-08 -3.026e-08          0 -3.026e-08  3.184e-17 -1.412e-17          0          0  6.038e-18   1.43e-17  3.958e-17  2.495e-17
          0          0          0  9.268e-18 -9.407e-18          0          0 -8.714e-18 -9.403e-18          0          0          0          0          0          0 -9.302e-18  5.334e-09   1.04e-08  1.014e-08  1.134e-08  1.127e-08          0  1.127e-08  5.334e-09  5.334e-09  6.741e-09  1.084e-08  1.093e-08  1.133e-08  1.123e-08  1.135e-08  1.131e-08  1.135e-08 -9.408e-18  1.135e-08          0  1.135e-08          0  1.135e-08  1.076e-08          0          0          0          0          0          0          0          0          0  1.076e-08  1.076e-08  1.076e-08  1.076e-08  8.806e-18  9.004e-18  9.419e-18  9.301e-18          0          0          0          0          0          0          0          0          0  8.887e-18          0 -9.305e-18          0 -1.723e-07  7.018e-09   8.75e-09          0          0          0   8.75e-09  8.807e-09   8.88e-18  8.807e-09          0  8.807e-09 -9.355e-18  8.807e-09  8.903e-09  8.666e-09  8.862e-09  8.903e-09  8.004e-09  8.845e-09  8.861e-09  8.774e-09  8.816e-09          0  8.816e-09 -9.397e-18          0          0          0 -8.687e-18          0          0          0
          0          0          0          0          0          0          0          0          0          0          0          0          0          0          0          0          0          0          0          0          0          0          0          0          0          0          0          0          0          0          0          0          0          0          0          0          0          0          0          0          0          0          0          0          0          0          0          0          0          0          0          0          0          0          0          0          0          0          0          0          0          0          0          0          0          0          0          0          0          0          0          0          0          0          0          0          0          0          0          0          0          0          0          0          0          0          0          0          0          0          0          0          0          0          0          0          0          0          0          0          0          0          0
 -2.559e-17          0  2.566e-17 -2.677e-17  2.717e-17  2.967e-17 -2.395e-17 -2.517e-17          0          0 -6.008e-17          0  -2.93e-17          0  2.549e-17  2.485e-17 -5.385e-08 -5.381e-08 -5.013e-08 -5.556e-08 -5.516e-08          0 -5.516e-08 -5.385e-08 -5.385e-08 -5.337e-08 -5.388e-08 -5.333e-08 -5.552e-08 -3.611e-07 -5.825e-08 -5.626e-08 -5.598e-08  3.039e-17 -5.598e-08          0 -5.598e-08 -2.485e-17 -5.598e-08 -5.309e-08          0          0          0          0  2.359e-17 -2.969e-17          0          0          0 -5.309e-08 -5.309e-08 -5.309e-08 -5.309e-08          0          0          0  2.484e-17          0          0  2.458e-17          0   2.51e-17          0          0          0  3.052e-17          0 -2.452e-17          0  2.562e-17 -5.318e-08 -5.537e-08  -5.51e-08   2.94e-17          0          0  -5.51e-08 -5.656e-08 -2.372e-17 -5.656e-08          0 -5.656e-08  -5.23e-18 -5.656e-08 -5.563e-08 -5.447e-08  -5.54e-08 -5.563e-08  -5.51e-08 -5.536e-08  -5.54e-08 -5.492e-08 -5.518e-08          0 -5.518e-08  2.714e-17          0          0  2.403e-17          0          0  2.962e-17  2.676e-17
  4.372e-18          0  4.384e-18          0          0          0          0          0          0          0          0 -5.724e-18          0          0          0  1.148e-18 -9.248e-09 -1.197e-07  1.968e-10  4.561e-09  4.562e-09          0  4.562e-09 -9.248e-09 -9.248e-09  3.452e-09  4.342e-09   4.34e-09    4.6e-09  4.534e-09  4.618e-09  4.591e-09  4.618e-09          0  4.618e-09          0  4.618e-09          0  4.618e-09  4.268e-09          0          0          0          0          0          0          0          0          0  4.268e-09  4.268e-09  4.268e-09  4.268e-09          0          0          0          0          0 -1.161e-18 -1.135e-18          0          0          0 -1.089e-18          0          0          0          0          0          0  3.503e-09  4.575e-09  4.555e-09          0          0          0  4.555e-09  5.974e-09          0  5.974e-09          0  5.974e-09          0  5.974e-09  4.631e-09  4.478e-09  4.591e-09  4.618e-09   4.55e-09  4.586e-09   4.59e-09  4.533e-09  4.564e-09          0  4.564e-09          0          0          0          0          0          0          0          0
  -2.46e-17          0  2.467e-17 -2.573e-17  2.612e-17  2.852e-17          0 -2.419e-17          0          0  -2.93e-17          0 -2.816e-17          0  2.451e-17          0 -3.298e-08 -3.296e-08  -3.05e-08 -3.412e-08 -3.386e-08          0 -3.386e-08 -3.298e-08 -3.298e-08 -3.266e-08 -3.301e-08 -3.264e-08 -3.409e-08  -3.37e-08 -3.417e-08 -3.369e-08 -3.417e-08  2.921e-17 -3.417e-08          0 -3.417e-08          0 -3.417e-08 -3.248e-08          0          0          0          0  2.606e-19 -2.854e-17          0          0          0 -3.248e-08 -3.248e-08 -3.248e-08 -3.248e-08          0          0          0          0          0          0          0          0          0          0          0          0  2.934e-17          0          0          0  2.463e-17 -3.254e-08   -3.4e-08 -3.382e-08  2.826e-17          0          0 -3.382e-08 -2.992e-08          0 -2.992e-08          0 -2.992e-08 -2.905e-17 -2.992e-08 -3.413e-08  -3.34e-08 -3.402e-08 -3.417e-08 -3.382e-08 -3.399e-08 -3.401e-08  -3.37e-08 -3.387e-08          0 -3.387e-08  2.609e-17          0          0          0          0          0  2.848e-17  2.572e-17
          0  1.391e-18    4.3e-18 -3.084e-18  9.106e-18  1.321e-17          0          0          0          0          0          0          0 -4.543e-17  8.545e-18  4.502e-18 -2.746e-08  8.444e-08  5.324e-09  6.396e-09   4.05e-07          0   4.05e-07 -2.746e-08 -2.746e-08 -3.045e-08  3.558e-07  1.392e-07  1.804e-07   2.54e-07 -4.244e-08 -4.359e-08 -4.028e-08   3.13e-18 -4.028e-08 -1.406e-18 -4.028e-08 -1.407e-18 -4.028e-08 -3.446e-08  2.655e-17  -5.84e-18  -4.61e-18 -3.007e-17   3.09e-17  3.699e-17 -4.437e-18          0 -7.332e-18 -3.446e-08 -3.446e-08 -3.446e-08 -3.446e-08 -1.332e-18 -8.716e-18          0  1.407e-18          0          0          0 -8.571e-18  9.099e-18 -1.331e-18  5.606e-18 -4.377e-18          0 -8.603e-18          0          0 -4.294e-18  4.595e-08 -4.375e-08 -4.419e-08          0          0  5.692e-18 -4.419e-08 -3.249e-08 -1.343e-18 -3.249e-08  -1.41e-18 -3.249e-08 -4.528e-18 -3.249e-08 -4.452e-08 -4.367e-08 -4.444e-08 -4.463e-08 -4.391e-08 -4.441e-08 -4.444e-08 -4.405e-08 -4.426e-08          0 -4.426e-08  4.548e-18  -8.43e-18          0   8.71e-18 -2.523e-17  4.268e-18  4.439e-18  1.934e-17
  3.873e-17          0   -4.3e-17  2.963e-17 -4.995e-17 -3.336e-17          0  3.809e-17          0          0  2.549e-17          0  2.451e-17  8.545e-18 -4.687e-17  1.092e-17  5.564e-08  5.559e-08  5.199e-08  8.107e-09 -3.786e-07          0 -3.786e-07  5.564e-08  5.564e-08  5.516e-08  5.565e-08   5.51e-08   5.72e-08 -2.326e-07  5.484e-08  5.596e-08  5.699e-08 -3.008e-17  5.699e-08          0  5.699e-08          0  5.699e-08  5.488e-08          0  4.315e-18   4.47e-18          0 -4.097e-18  1.645e-17  4.303e-18          0  4.213e-18  5.488e-08  5.488e-08  5.488e-08  5.488e-08          0  1.902e-17          0          0          0          0          0  4.156e-18 -4.412e-18          0 -4.142e-18  4.244e-18 -2.578e-17  4.171e-18          0          0 -2.004e-17  5.497e-08  5.707e-08  5.681e-08 -2.483e-17          0 -4.205e-18  5.681e-08   5.68e-08          0   5.68e-08          0   5.68e-08  4.528e-17   5.68e-08  5.731e-08   5.62e-08  5.709e-08  5.731e-08  5.681e-08  5.705e-08  5.709e-08  5.663e-08  5.688e-08          0  5.688e-08 -4.548e-17  1.839e-17          0          0 -1.427e-17 -1.863e-17  -4.44e-17 -3.397e-17
 -1.534e-17          0  1.099e-17  9.168e-18  2.326e-18          0  2.384e-17 -2.371e-17 -9.302e-18          0  2.485e-17  1.148e-18          0  4.502e-18  1.092e-17 -7.276e-17  1.808e-08  1.895e-08 -2.439e-08  2.081e-08  2.076e-08   1.09e-18  2.076e-08  1.808e-08  1.808e-08  1.182e-07  1.515e-07  1.821e-08  2.579e-08 -2.852e-07  1.723e-08  1.855e-08  1.961e-08 -1.396e-17  1.961e-08          0  1.961e-08  2.474e-17  1.961e-08  2.396e-08  1.131e-18  4.548e-18  5.888e-18          0 -2.942e-17 -9.095e-18  2.551e-18          0   4.44e-18  2.396e-08  2.396e-08  2.396e-08  2.396e-08  6.805e-18  4.175e-18  9.318e-18 -1.812e-17          0  1.164e-18 -2.333e-17          0 -2.499e-17          0 -3.274e-18  4.473e-18          0  8.792e-18  2.441e-17 -1.036e-17  4.388e-18 -1.591e-07  1.557e-08  1.719e-08          0          0 -4.432e-18  1.719e-08   1.12e-08  3.239e-17   1.12e-08  2.017e-18   1.12e-08  -4.57e-17   1.12e-08  1.738e-08  1.697e-08  1.736e-08  1.745e-08  1.647e-08  1.733e-08  1.736e-08  1.717e-08  1.727e-08          0  1.727e-08  2.324e-18 -1.077e-17          0 -2.837e-17  6.446e-18  1.091e-17  1.134e-17          0
 -3.907e-08  1.666e-09  5.934e-08 -3.803e-08  7.551e-08  5.236e-08 -1.967e-08 -3.494e-08  5.334e-09          0 -5.385e-08 -9.248e-09 -3.298e-08 -2.746e-08  5.564e-08  1.808e-08 -1.967e+04      -2331      645.7      523.9       1296  1.283e-09       1296 -1.967e+04 -1.967e+04      88.31        852       1519      847.9       1512      472.6       1696      446.6  4.444e-08      446.6 -1.685e-09      446.6 -3.286e-08      446.6      774.5  2.066e-08  1.923e-08  9.634e-10 -3.552e-08  5.626e-08 -1.331e-07 -3.223e-09          0 -2.474e-08      774.5      774.5      774.5      774.5 -4.609e-09 -4.038e-08 -5.343e-09  1.989e-08          0 -1.253e-08  2.945e-08 -4.694e-09 -9.307e-08 -1.594e-09 -2.991e-08 -5.214e-09   3.47e-08 -1.579e-08 -3.075e-08  1.059e-08   2.37e-08     -501.3       1633       1355  2.258e-08 -1.071e-08 -3.558e-09       1355       1043 -3.639e-08       1043 -3.787e-09       1043 -2.155e-08       1043      461.9      160.6       1580      454.1       1696       1238       1528       1577      51.16          0      51.16  5.509e-08 -2.551e-08          0  4.463e-08  8.064e-09  2.313e-08  7.795e-08  4.149e-08
  6.644e-08  1.664e-09   1.65e-07   -4.3e-08  8.051e-08  5.251e-08 -1.973e-08 -3.015e-08   1.04e-08          0 -5.381e-08 -1.197e-07 -3.296e-08  8.444e-08  5.559e-08  1.895e-08      -2331  -1.89e+04      271.9      641.9       1417  1.282e-09       1417      -2331      -2331      789.6       1441       1514       1026       1614      573.7       1559      554.3  4.947e-08      554.3 -1.683e-09      554.3 -3.291e-08      554.3       1561  2.392e-08  2.354e-08  1.155e-09  6.958e-08  5.942e-08 -8.137e-09 -3.218e-09          0  8.479e-08       1561       1561       1561       1561 -9.349e-09  -4.54e-08 -1.041e-08  1.118e-08          0 -1.287e-08   2.95e-08 -7.783e-09  3.466e-08 -1.593e-09 -3.174e-08 -5.207e-09  3.468e-08 -2.374e-08  -3.08e-08  1.567e-08  2.368e-08      336.9       1741      548.1  2.257e-08  -1.07e-08 -3.553e-09      548.1       1343 -4.122e-08       1343 -3.783e-09       1343 -1.642e-08       1343      544.6      -7817       1676      494.1       1795       -157       1586       1579      -8096          0      -8096  5.568e-08  -2.55e-08          0 -6.475e-08  5.601e-09  2.311e-08  8.262e-08 -7.613e-08
 -4.501e-08  1.587e-09  4.706e-08 -4.024e-08  7.572e-08  4.868e-08  5.281e-08 -9.723e-08  1.014e-08          0 -5.013e-08  1.968e-10  -3.05e-08  5.324e-09  5.199e-08 -2.439e-08      645.7      271.9      -5368        493       1244  1.185e-09       1244      645.7      645.7      881.4      270.5      574.9      840.3       1451        336      -5630      466.2  4.634e-08      466.2 -1.605e-09      466.2  4.313e-08      466.2     -666.1 -1.893e-08  2.142e-08  8.872e-10 -6.128e-09 -5.318e-08  -4.15e-08 -3.005e-09          0 -3.317e-08     -666.1     -666.1     -666.1     -666.1 -9.157e-09 -2.449e-09 -1.016e-08  -6.44e-08          0 -1.174e-08 -4.552e-08 -7.504e-09 -3.467e-08 -1.519e-09 -2.837e-08 -4.874e-09  3.211e-08  4.792e-08  4.413e-08 -5.897e-08  2.187e-08      471.1       1674       1165  2.078e-08 -1.002e-08 -3.297e-09       1165       1078  3.158e-08       1078 -3.579e-09       1078  -8.93e-08       1078      478.3      -1461       1483      452.6       1672       1361       1462     -893.4       1012          0       1012  5.315e-08  1.516e-08          0  1.163e-08  4.477e-08  2.195e-08   7.66e-08  4.523e-08
 -5.363e-08  1.698e-09  4.756e-08  6.473e-09  3.116e-08 -4.715e-08 -2.451e-08 -2.633e-08  1.134e-08          0 -5.556e-08  4.561e-09 -3.412e-08  6.396e-09  8.107e-09  2.081e-08      523.9      641.9        493      -1681 -1.006e+04  1.329e-09 -1.006e+04      523.9      523.9      502.9      557.4      681.8     -80.68      505.3     -581.3      842.5     -609.3  5.177e-08     -609.3 -1.717e-09     -609.3  -3.82e-08     -609.3      782.8 -7.528e-08    2.5e-08  1.356e-09 -7.605e-09 -3.018e-08 -4.633e-08 -3.307e-09          0 -4.084e-08      782.8      782.8      782.8      782.8 -1.021e-08 -4.856e-08 -1.136e-08  1.464e-08          0 -1.348e-08  3.466e-08  4.067e-08  4.149e-11 -1.625e-09 -3.392e-08 -5.352e-09   3.59e-08  1.963e-08 -3.599e-08  2.115e-08  2.456e-08      566.7        881      550.4  2.345e-08   -1.1e-08 -3.664e-09      550.4      354.6 -4.717e-08      354.6 -3.876e-09      354.6 -1.191e-08      354.6       -610      773.2      551.1     -615.6       1052      535.8      492.2      616.3      900.6          0      900.6  5.715e-08  2.115e-08          0  6.319e-08  5.169e-08  2.361e-08  8.601e-08 -5.019e-08
 -5.331e-08  1.689e-09  4.721e-08  4.125e-07 -3.811e-07 -8.438e-07 -2.488e-08 -2.565e-08  1.127e-08          0 -5.516e-08  4.562e-09 -3.386e-08   4.05e-07 -3.786e-07  2.076e-08       1296       1417       1244 -1.006e+04 -9.048e+04  1.318e-09 -9.048e+04       1296       1296       1263       1335       1436      714.8       1286      221.8       1740      191.6   5.14e-08      191.6 -1.708e-09      191.6 -3.851e-08      191.6       1554 -8.755e-07  2.476e-08  1.325e-09  3.812e-07 -7.941e-07 -4.486e-07 -3.285e-09          0 -4.052e-08       1554       1554       1554       1554 -1.015e-08 -4.835e-08 -1.129e-08  1.509e-08          0 -1.336e-08  3.498e-08  4.283e-07 -4.111e-07 -1.617e-09 -3.354e-08 -5.317e-09  3.563e-08  4.083e-07  -3.63e-08  2.156e-08  2.437e-08       1329       1662       1336  2.326e-08 -1.093e-08 -3.637e-09       1336      740.8 -4.739e-08      740.8 -3.853e-09      740.8 -1.127e-08      740.8      186.4       1587       1337      185.5       1833       1326       1282       1431       1689          0       1689  5.686e-08  4.024e-07          0  6.281e-08  4.319e-07  2.348e-08  8.534e-08 -8.613e-07
          0          0          0          0          0          0          0          0          0          0          0          0          0          0          0   1.09e-18  1.283e-09  1.282e-09  1.185e-09  1.329e-09  1.318e-09 -1.033e-18  1.318e-09  1.283e-09  1.283e-09  1.271e-09  1.284e-09          0  1.284e-09  1.312e-09  1.331e-09  1.325e-09   1.33e-09          0   1.33e-09          0   1.33e-09          0   1.33e-09  1.264e-09 -1.072e-18          0 -1.116e-18          0          0          0          0          0          0  1.264e-09  1.264e-09  1.264e-09  1.264e-09          0          0          0          0          0          0          0          0          0          0          0          0          0          0          0  1.091e-18          0  1.266e-09  1.324e-09  1.317e-09          0          0          0  1.317e-09  1.317e-09          0  1.317e-09          0  1.317e-09          0  1.317e-09  1.331e-09    1.3e-09  1.325e-09  1.331e-09  1.317e-09  1.324e-09  1.325e-09  1.312e-09  1.319e-09          0  1.319e-09          0          0          0          0          0          0          0          0
 -5.331e-08  1.689e-09  4.721e-08  4.125e-07 -3.811e-07 -8.438e-07 -2.488e-08 -2.565e-08  1.127e-08          0 -5.516e-08  4.562e-09 -3.386e-08   4.05e-07 -3.786e-07  2.076e-08       1296       1417       1244 -1.006e+04 -9.048e+04  1.318e-09 -9.048e+04       1296       1296       1263       1335       1436      714.8       1286      221.8       1740      191.6   5.14e-08      191.6 -1.708e-09      191.6 -3.851e-08      191.6       1554 -8.755e-07  2.476e-08  1.325e-09  3.812e-07 -7.941e-07 -4.486e-07 -3.285e-09          0 -4.052e-08       1554       1554       1554       1554 -1.015e-08 -4.835e-08 -1.129e-08  1.509e-08          0 -1.336e-08  3.498e-08  4.283e-07 -4.111e-07 -1.617e-09 -3.354e-08 -5.317e-09  3.563e-08  4.083e-07  -3.63e-08  2.156e-08  2.437e-08       1329       1662       1336  2.326e-08 -1.093e-08 -3.637e-09       1336      740.8 -4.739e-08      740.8 -3.853e-09      740.8 -1.127e-08      740.8      186.4       1587       1337      185.5       1833       1326       1282       1431       1689          0       1689  5.686e-08  4.024e-07          0  6.281e-08  4.319e-07  2.348e-08  8.534e-08 -8.613e-07
 -3.907e-08  1.666e-09  5.934e-08 -3.803e-08  7.551e-08  5.236e-08 -1.967e-08 -3.494e-08  5.334e-09          0 -5.385e-08 -9.248e-09 -3.298e-08 -2.746e-08  5.564e-08  1.808e-08 -1.967e+04      -2331      645.7      523.9       1296  1.283e-09       1296 -1.967e+04 -1.967e+04      88.31        852       1519      847.9       1512      472.6       1696      446.6  4.444e-08      446.6 -1.685e-09      446.6 -3.286e-08      446.6      774.5  2.066e-08  1.923e-08  9.634e-10 -3.552e-08  5.626e-08 -1.331e-07 -3.223e-09          0 -2.474e-08      774.5      774.5      774.5      774.5 -4.609e-09 -4.038e-08 -5.343e-09  1.989e-08          0 -1.253e-08  2.945e-08 -4.694e-09 -9.307e-08 -1.594e-09 -2.991e-08 -5.214e-09   3.47e-08 -1.579e-08 -3.075e-08  1.059e-08   2.37e-08     -501.3       1633       1355  2.258e-08 -1.071e-08 -3.558e-09       1355       1043 -3.639e-08       1043 -3.787e-09       1043 -2.155e-08       1043      461.9      160.6       1580      454.1       1696       1238       1528       1577      51.16          0      51.16  5.509e-08 -2.551e-08          0  4.463e-08  8.064e-09  2.313e-08  7.795e-08  4.149e-08
 -3.907e-08  1.666e-09  5.934e-08 -3.803e-08  7.551e-08  5.236e-08 -1.967e-08 -3.494e-08  5.334e-09          0 -5.385e-08 -9.248e-09 -3.298e-08 -2.746e-08  5.564e-08  1.808e-08 -1.967e+04      -2331      645.7      523.9       1296  1.283e-09       1296 -1.967e+04 -1.967e+04      88.31        852       1519      847.9       1512      472.6       1696      446.6  4.444e-08      446.6 -1.685e-09      446.6 -3.286e-08      446.6      774.5  2.066e-08  1.923e-08  9.634e-10 -3.552e-08  5.626e-08 -1.331e-07 -3.223e-09          0 -2.474e-08      774.5      774.5      774.5      774.5 -4.609e-09 -4.038e-08 -5.343e-09  1.989e-08          0 -1.253e-08  2.945e-08 -4.694e-09 -9.307e-08 -1.594e-09 -2.991e-08 -5.214e-09   3.47e-08 -1.579e-08 -3.075e-08  1.059e-08   2.37e-08     -501.3       1633       1355  2.258e-08 -1.071e-08 -3.558e-09       1355       1043 -3.639e-08       1043 -3.787e-09       1043 -2.155e-08       1043      461.9      160.6       1580      454.1       1696       1238       1528       1577      51.16          0      51.16  5.509e-08 -2.551e-08          0  4.463e-08  8.064e-09  2.313e-08  7.795e-08  4.149e-08
  -5.08e-08  1.655e-09  4.676e-08 -3.909e-08  7.631e-08  4.749e-08 -2.164e-08 -3.124e-08  6.741e-09          0 -5.337e-08  3.452e-09 -3.266e-08 -3.045e-08  5.516e-08  1.182e-07      88.31      789.6      881.4      502.9       1263  1.271e-09       1263      88.31      88.31 -1.514e+04      64.83       1378      638.7       1444      403.6       1202      383.9  4.547e-08      383.9 -1.674e-09      383.9  -3.48e-08      383.9        726  1.842e-08 -4.069e-07 -1.993e-09  3.686e-07   5.59e-08 -9.761e-09 -3.193e-09          0  3.819e-07        726        726        726        726 -5.932e-09 -3.896e-08 -6.752e-09  1.117e-07          0 -6.431e-09  3.139e-08 -5.512e-09  3.789e-08 -1.584e-09 -2.249e-08 -5.168e-09  3.437e-08     -2e-08 -3.268e-08  1.415e-08  2.346e-08      -3.84       1584       1285  2.235e-08 -1.062e-08 -3.523e-09       1285       1346 -3.958e-08       1346 -3.759e-09       1346 -1.769e-08       1346      413.3      472.1       1515      406.3       1184       1360       1469       1373      947.3          0      947.3  4.915e-07 -2.559e-08          0 -3.691e-07  9.753e-08  2.297e-08 -3.541e-07   5.29e-08
 -5.206e-08  1.665e-09  4.635e-08 -4.348e-08  8.102e-08 -7.456e-08 -2.198e-08 -2.762e-08  1.084e-08          0 -5.388e-08  4.342e-09 -3.301e-08  3.558e-07  5.565e-08  1.515e-07        852       1441      270.5      557.4       1335  1.284e-09       1335        852        852      64.83 -2.069e+04      -1380      -3574       1527      469.3        748      376.3  4.997e-08      376.3 -1.684e-09      376.3 -3.525e-08      376.3     -431.8 -2.469e-07  2.195e-08 -3.081e-09  2.117e-07  -1.97e-07 -2.711e-07  -3.22e-09          0 -3.743e-08     -431.8     -431.8     -431.8     -431.8 -9.759e-09 -4.211e-08 -1.085e-08  1.069e-08          0  1.159e-07  3.181e-08 -8.144e-09  4.706e-08 -1.594e-09  9.111e-08 -5.211e-09  3.473e-08 -2.673e-08 -3.311e-08  1.842e-08  2.372e-08      698.9       1789       1592  2.261e-08 -1.071e-08 -3.556e-09       1592       1333 -4.387e-08       1333 -3.786e-09       1333 -1.369e-08       1333      541.1      -3170       1606      456.8       1056       1618       1604       1334       1770          0       1770  5.781e-08 -2.579e-08          0 -6.334e-08  2.665e-07  2.312e-08 -4.267e-08  4.719e-08
  -5.16e-08  1.653e-09  4.586e-08 -4.321e-08  8.043e-08  5.084e-08 -2.177e-08 -2.718e-08  1.093e-08          0 -5.333e-08   4.34e-09 -3.264e-08  1.392e-07   5.51e-08  1.821e-08       1519       1514      574.9      681.8       1436          0       1436       1519       1519       1378      -1380 -1.576e+04      -4959       1667      652.2       2258      504.3  4.963e-08      504.3 -1.671e-09      504.3 -3.491e-08      504.3      -1620 -1.571e-07  2.514e-08 -2.046e-10  1.205e-07  -1.12e-07 -1.788e-07  -5.23e-09          0 -4.008e-08      -1620      -1620      -1620      -1620 -1.182e-08 -4.391e-08 -1.095e-08  1.294e-08          0  8.272e-08  3.151e-08 -8.223e-09  4.682e-08 -1.582e-09  2.342e-07 -5.158e-09    3.4e-08 -2.681e-08 -3.279e-08  1.943e-08  2.346e-08       1274 -1.591e+04       1119  2.235e-08  -1.06e-08 -3.516e-09       1119       1152 -4.364e-08       1152 -1.676e-09       1152 -1.335e-08       1152      596.9       1384       1702      599.7 -1.574e+04       1378       1590       1766       1799          0       1799  5.396e-08 -2.556e-08          0   6.12e-08  1.754e-07  2.261e-08   8.37e-08  4.925e-08
 -5.363e-08  1.697e-09  4.748e-08 -4.508e-08  8.346e-08  4.736e-08 -2.262e-08 -2.814e-08  1.133e-08          0 -5.552e-08    4.6e-09 -3.409e-08  1.804e-07   5.72e-08  2.579e-08      847.9       1026      840.3     -80.68      714.8  1.284e-09      714.8      847.9      847.9      638.7      -3574      -4959      -5585      950.6       -121       1492     -267.4  5.172e-08     -267.4 -1.716e-09     -267.4 -3.624e-08     -267.4      -2063  -1.92e-07   2.57e-08   9.99e-10  1.546e-07 -1.435e-07 -2.163e-07 -3.353e-09          0 -4.152e-08      -2063      -2063      -2063      -2063 -1.025e-08 -4.723e-08 -1.135e-08  1.136e-08          0 -2.855e-09  3.272e-08 -8.601e-09  4.905e-08 -1.624e-09 -1.223e-08 -5.343e-09  3.586e-08 -2.796e-08 -3.406e-08  1.922e-08  2.454e-08      803.8      -1080      907.1  2.342e-08 -1.099e-08 -3.669e-09      907.1      816.5 -4.528e-08      816.5 -3.818e-09      816.5 -1.385e-08      816.5     -178.2      878.1      976.9     -188.6 -1.363e+04      701.1        869       1056       1151          0       1151  5.638e-08 -2.642e-08          0   5.78e-08  2.108e-07  2.358e-08   8.14e-08  5.136e-08
 -5.308e-08  1.685e-09  -2.44e-07 -4.458e-08 -2.256e-07 -2.456e-07 -2.239e-08 -2.787e-08  1.123e-08          0 -3.611e-07  4.534e-09  -3.37e-08   2.54e-07 -2.326e-07 -2.852e-07       1512       1614       1451      505.3       1286  1.312e-09       1286       1512       1512       1444       1527       1667      950.6 -5.903e+04     -56.07       1916      311.2 -2.571e-07      311.2 -1.703e-09      311.2 -3.587e-08      311.2       1771  3.276e-07  3.267e-07  3.133e-07 -3.495e-07  6.623e-08 -2.959e-07  2.971e-07          0   2.53e-07       1771       1771       1771       1771 -1.011e-08  2.479e-07 -1.124e-08  1.128e-08          0 -1.267e-08  3.239e-08 -8.507e-09  4.857e-08 -1.612e-09 -3.219e-07   2.91e-07  3.546e-08 -2.766e-08 -3.371e-08  1.899e-08  3.149e-07       1519       1865       1547  2.314e-08 -1.088e-08 -2.972e-07       1547       1031 -4.483e-08       1031  -3.84e-09       1031  2.928e-07       1031      400.9       1821       1543      398.2       2042       1534       1491       1693       1890          0       1890 -2.521e-07 -2.618e-08          0  6.293e-08 -2.834e-07 -2.655e-07 -2.141e-07 -2.528e-07
 -5.374e-08  1.698e-09  4.507e-08 -4.518e-08  8.099e-08  5.066e-08 -2.267e-08 -2.818e-08  1.135e-08          0 -5.825e-08  4.618e-09 -3.417e-08 -4.244e-08  5.484e-08  1.723e-08      472.6      573.7        336     -581.3      221.8  1.331e-09      221.8      472.6      472.6      403.6      469.3      652.2       -121     -56.07     -734.3      -2831     -681.8  4.921e-08     -681.8 -1.718e-09     -681.8  -3.63e-08     -681.8      406.2  3.113e-08  2.835e-08  4.027e-09 -6.208e-08  6.719e-08  2.866e-09 -7.468e-10          0 -3.913e-08      406.2      406.2      406.2      406.2 -1.022e-08 -4.515e-08 -1.137e-08  1.147e-08          0 -1.289e-08  3.278e-08 -8.633e-09  4.919e-08 -1.626e-09 -3.589e-08 -2.829e-09  3.595e-08 -2.803e-08 -3.412e-08  1.923e-08  2.708e-08      497.9      816.5      495.2  2.349e-08 -1.101e-08 -6.172e-09      495.2      334.8 -4.536e-08      334.8 -3.879e-09      334.8 -1.126e-08      334.8       -679      787.2      483.6     -684.8      996.1      470.6      424.5      647.6      847.2          0      847.2  5.382e-08 -2.645e-08          0  6.369e-08 -1.441e-09  2.115e-08   8.49e-08  4.881e-08
